A 0 0 1 2|
A# 1 1 2 3|
A7 0 0 1 0|
A#7 1 1 2 1|
Am 0 0 0 2|
A#m 1 1 1 3|
Am7 3 3 4 0|
A#m7 1 1 1 1|
B 2 2 3 4|
B7 2 2 3 2|
Bm 2 2 2 4|
Bm7 2 2 2 2|
C 
C:\\Users\\J\Desktop\\C.bmp
C# 4 1 1 1 |
C7 1 0 0 0|
C#7 2 1 1 1|
Cm 3 3 3 0|
C#m 0 0 1 1|
Cm7 3 3 3 3|
C#m7 2 0 1 1|
D 4 2 2 2|
D# 1 3 3 3|
D7 3 2 2 2|
D#7 4 3 3 3|
Dm 0 1 2 2|
D#m 1 2 3 3|
Dm7 3 1 2 2|
D#m7 1 2 3 3|
E 2 0 4 1|
E7 2 0 2 1|
Em 1 2 3 0|
Em7 2 0 2 0|
F 0 1 0 2|
F# 1 2 1 3|
F7 0 1 3 2|
F#7 4 2 4 3|
Fm 2 1 0 1|
F#m 0 2 1 2|
Fm7 2 1 2 1|
F#m7 4 2 4 2|
G 2 3 2 0|
G# 3 4 3 5|
G7 2 1 2 0|
G#7 3 2 3 1|
Gm 1 3 2 0|
G#m 2 4 3 4|
Gm7 1 1 2 0|
G#m7 2 2 3 1|